Car 0.00 0 0.00 113.22 202.27 204.98 228.00 1.47 1.82 4.19 0.00 0.00 36.63 0.00
Car 0.00 0 0.00 531.39 108.10 700.32 290.28 4.25 3.94 10.27 0.00 0.00 14.50 0.00
Car 0.00 0 0.00 0.00 0.00 538.18 374.00 4.25 3.94 10.27 0.00 0.00 2.09 0.00
Car 0.00 0 0.00 340.55 220.75 904.07 374.00 2.04 2.07 4.48 0.00 0.00 2.28 0.00
Car 0.00 0 0.00 487.15 196.52 517.83 215.17 1.53 1.88 5.01 0.00 0.00 53.34 0.00
Car 0.00 0 0.00 547.22 228.97 694.94 374.00 1.53 1.88 5.01 0.00 0.00 7.91 0.00
Cyclist 0.00 0 0.00 74.46 203.74 127.74 232.48 1.53 0.87 2.19 0.00 0.00 33.60 0.00
Car 0.00 0 0.00 602.75 182.90 730.11 232.74 2.43 2.35 6.37 0.00 0.00 30.62 0.00
Car 0.00 0 0.00 791.59 185.54 873.36 213.94 2.43 2.35 6.37 0.00 0.00 53.16 0.00
Car 0.00 0 0.00 602.46 195.36 673.62 240.02 1.99 1.77 4.44 0.00 0.00 28.03 0.00
