Car 0.00 0 0.00 113.22 202.27 204.98 228.00 1.47 1.82 4.19 0.00 0.00 36.63 0.00
Car 0.00 0 0.00 531.56 108.17 700.08 289.92 4.25 3.94 10.27 0.00 0.00 14.53 0.00
Car 0.00 0 0.00 0.00 0.00 538.18 374.00 4.25 3.94 10.27 0.00 0.00 2.09 0.00
Car 0.00 0 0.00 526.96 196.79 552.27 215.54 1.55 1.79 3.71 0.00 0.00 52.55 0.00
Car 0.00 0 0.00 340.55 220.75 904.07 374.00 2.04 2.07 4.48 0.00 0.00 2.28 0.00
Car 0.00 0 0.00 469.96 197.54 506.52 218.94 1.53 1.88 5.01 0.00 0.00 47.15 0.00
Car 0.00 0 0.00 547.22 228.97 694.94 374.00 1.53 1.88 5.01 0.00 0.00 7.91 0.00
Cyclist 0.00 0 0.00 74.46 203.74 127.74 232.48 1.53 0.87 2.19 0.00 0.00 33.60 0.00
Car 0.00 0 0.00 602.92 182.89 730.14 232.75 2.43 2.35 6.37 0.00 0.00 30.62 0.00
Car 0.00 0 0.00 791.58 185.53 873.36 213.93 2.43 2.35 6.37 0.00 0.00 53.16 0.00
Car 0.00 0 0.00 602.06 195.36 673.57 239.99 1.99 1.77 4.44 0.00 0.00 28.05 0.00
