Car 0.00 0 0.00 113.22 202.27 204.98 228.00 1.47 1.82 4.19 0.00 0.00 36.63 0.00
Car 0.00 0 0.00 532.02 108.60 699.73 289.47 4.25 3.94 10.27 0.00 0.00 14.60 0.00
Car 0.00 0 0.00 0.00 0.00 538.18 374.00 4.25 3.94 10.27 0.00 0.00 2.09 0.00
Car 0.00 0 0.00 481.97 200.79 523.58 229.46 1.55 1.79 3.71 0.00 0.00 35.33 0.00
Car 0.00 0 0.00 340.55 220.75 904.07 374.00 2.04 2.07 4.48 0.00 0.00 2.28 0.00
Car 0.00 0 0.00 379.70 202.83 448.61 237.94 1.53 1.88 5.01 0.00 0.00 29.47 0.00
Car 0.00 0 0.00 547.22 228.97 694.94 374.00 1.53 1.88 5.01 0.00 0.00 7.91 0.00
Cyclist 0.00 0 0.00 74.46 203.74 127.74 232.48 1.53 0.87 2.19 0.00 0.00 33.60 0.00
Car 0.00 0 0.00 603.46 182.89 730.22 232.73 2.43 2.35 6.37 0.00 0.00 30.64 0.00
Car 0.00 0 0.00 791.58 185.49 873.36 213.94 2.43 2.35 6.37 0.00 0.00 53.16 0.00
Car 0.00 0 0.00 601.00 195.33 673.42 239.86 1.99 1.77 4.44 0.00 0.00 28.12 0.00
