Car 0.00 0 0.00 113.22 202.27 204.98 228.00 1.47 1.82 4.19 0.00 0.00 36.63 0.00
Car 0.00 0 0.00 532.65 109.11 699.21 288.73 4.25 3.94 10.27 0.00 0.00 14.70 0.00
Car 0.00 0 0.00 0.00 0.00 538.18 374.00 4.25 3.94 10.27 0.00 0.00 2.09 0.00
Car 0.00 0 0.00 246.54 218.81 395.21 301.05 1.55 1.79 3.71 0.00 0.00 13.10 0.00
Car 0.00 0 0.00 340.55 220.75 904.07 374.00 2.04 2.07 4.48 0.00 0.00 2.28 0.00
Car 0.00 0 0.00 0.00 232.23 123.61 374.00 1.53 1.88 5.01 0.00 0.00 6.93 0.00
Car 0.00 0 0.00 547.22 228.97 694.94 374.00 1.53 1.88 5.01 0.00 0.00 7.91 0.00
Cyclist 0.00 0 0.00 74.46 203.74 127.74 232.48 1.53 0.87 2.19 0.00 0.00 33.60 0.00
Car 0.00 0 0.00 604.19 182.89 730.33 232.71 2.43 2.35 6.37 0.00 0.00 30.65 0.00
Car 0.00 0 0.00 791.56 185.51 873.34 213.94 2.43 2.35 6.37 0.00 0.00 53.17 0.00
Car 0.00 0 0.00 599.67 195.30 673.25 239.69 1.99 1.77 4.44 0.00 0.00 28.22 0.00
