Car 0.00 0 0.00 113.22 202.27 204.98 228.00 1.47 1.82 4.19 0.00 0.00 36.63 0.00
Car 0.00 0 0.00 532.20 108.78 699.53 289.24 4.25 3.94 10.27 0.00 0.00 14.64 0.00
Car 0.00 0 0.00 0.00 0.00 538.18 374.00 4.25 3.94 10.27 0.00 0.00 2.09 0.00
Car 0.00 0 0.00 430.92 205.31 492.39 244.92 1.55 1.79 3.71 0.00 0.00 25.82 0.00
Car 0.00 0 0.00 340.55 220.75 904.07 374.00 2.04 2.07 4.48 0.00 0.00 2.28 0.00
Car 0.00 0 0.00 261.68 209.00 381.37 262.65 1.53 1.88 5.01 0.00 0.00 19.78 0.00
Car 0.00 0 0.00 547.22 228.97 694.94 374.00 1.53 1.88 5.01 0.00 0.00 7.91 0.00
Cyclist 0.00 0 0.00 74.46 203.74 127.74 232.48 1.53 0.87 2.19 0.00 0.00 33.60 0.00
Car 0.00 0 0.00 603.76 182.89 730.27 232.71 2.43 2.35 6.37 0.00 0.00 30.64 0.00
Car 0.00 0 0.00 791.57 185.50 873.35 213.93 2.43 2.35 6.37 0.00 0.00 53.16 0.00
Car 0.00 0 0.00 600.42 195.31 673.34 239.78 1.99 1.77 4.44 0.00 0.00 28.16 0.00
