Car 0.00 0 0.00 113.22 202.27 204.98 228.00 1.47 1.82 4.19 0.00 0.00 36.63 0.00
Car 0.00 0 0.00 531.57 108.38 700.07 290.07 4.25 3.94 10.27 0.00 0.00 14.53 0.00
Car 0.00 0 0.00 0.00 0.00 538.18 374.00 4.25 3.94 10.27 0.00 0.00 2.09 0.00
Car 0.00 0 0.00 523.07 197.28 549.96 216.66 1.55 1.79 3.71 0.00 0.00 50.41 0.00
Car 0.00 0 0.00 340.55 220.75 904.07 374.00 2.04 2.07 4.48 0.00 0.00 2.28 0.00
Car 0.00 0 0.00 462.01 198.12 501.26 220.51 1.53 1.88 5.01 0.00 0.00 44.78 0.00
Car 0.00 0 0.00 547.22 228.97 694.94 374.00 1.53 1.88 5.01 0.00 0.00 7.91 0.00
Cyclist 0.00 0 0.00 74.46 203.74 127.74 232.48 1.53 0.87 2.19 0.00 0.00 33.60 0.00
Car 0.00 0 0.00 602.99 182.89 730.15 232.74 2.43 2.35 6.37 0.00 0.00 30.62 0.00
Car 0.00 0 0.00 791.58 185.49 873.37 213.94 2.43 2.35 6.37 0.00 0.00 53.16 0.00
Car 0.00 0 0.00 601.90 195.35 673.55 239.97 1.99 1.77 4.44 0.00 0.00 28.06 0.00
