Car 0.00 0 0.00 113.22 202.27 204.98 228.00 1.47 1.82 4.19 0.00 0.00 36.63 0.00
Car 0.00 0 0.00 532.01 108.65 699.74 289.52 4.25 3.94 10.27 0.00 0.00 14.60 0.00
Car 0.00 0 0.00 0.00 0.00 538.18 374.00 4.25 3.94 10.27 0.00 0.00 2.09 0.00
Car 0.00 0 0.00 478.86 201.05 521.62 230.43 1.55 1.79 3.71 0.00 0.00 34.55 0.00
Car 0.00 0 0.00 340.55 220.75 904.07 374.00 2.04 2.07 4.48 0.00 0.00 2.28 0.00
Car 0.00 0 0.00 373.17 203.22 444.63 239.28 1.53 1.88 5.01 0.00 0.00 28.69 0.00
Car 0.00 0 0.00 547.22 228.97 694.94 374.00 1.53 1.88 5.01 0.00 0.00 7.91 0.00
Cyclist 0.00 0 0.00 74.46 203.74 127.74 232.48 1.53 0.87 2.19 0.00 0.00 33.60 0.00
Car 0.00 0 0.00 603.48 182.89 730.23 232.73 2.43 2.35 6.37 0.00 0.00 30.64 0.00
Car 0.00 0 0.00 791.58 185.52 873.36 213.94 2.43 2.35 6.37 0.00 0.00 53.16 0.00
Car 0.00 0 0.00 600.94 195.32 673.41 239.85 1.99 1.77 4.44 0.00 0.00 28.13 0.00
