Car 0.00 0 0.00 113.22 202.27 204.98 228.00 1.47 1.82 4.19 0.00 0.00 36.63 0.00
Car 0.00 0 0.00 532.64 109.21 699.22 288.84 4.25 3.94 10.27 0.00 0.00 14.70 0.00
Car 0.00 0 0.00 0.00 0.00 538.18 374.00 4.25 3.94 10.27 0.00 0.00 2.09 0.00
Car 0.00 0 0.00 267.97 217.44 405.42 294.49 1.55 1.79 3.71 0.00 0.00 13.89 0.00
Car 0.00 0 0.00 340.55 220.75 904.07 374.00 2.04 2.07 4.48 0.00 0.00 2.28 0.00
Car 0.00 0 0.00 0.00 229.52 154.25 374.00 1.53 1.88 5.01 0.00 0.00 7.71 0.00
Car 0.00 0 0.00 547.22 228.97 694.94 374.00 1.53 1.88 5.01 0.00 0.00 7.91 0.00
Cyclist 0.00 0 0.00 74.46 203.74 127.74 232.48 1.53 0.87 2.19 0.00 0.00 33.60 0.00
Car 0.00 0 0.00 604.16 182.89 730.33 232.70 2.43 2.35 6.37 0.00 0.00 30.65 0.00
Car 0.00 0 0.00 791.57 185.54 873.33 213.94 2.43 2.35 6.37 0.00 0.00 53.17 0.00
Car 0.00 0 0.00 599.71 195.29 673.25 239.69 1.99 1.77 4.44 0.00 0.00 28.21 0.00
