Car 0.00 0 0.00 113.22 202.27 204.98 228.00 1.47 1.82 4.19 0.00 0.00 36.63 0.00
Car 0.00 0 0.00 532.01 108.66 699.74 289.54 4.25 3.94 10.27 0.00 0.00 14.60 0.00
Car 0.00 0 0.00 0.00 0.00 538.18 374.00 4.25 3.94 10.27 0.00 0.00 2.09 0.00
Car 0.00 0 0.00 472.20 201.73 517.43 232.40 1.55 1.79 3.71 0.00 0.00 33.00 0.00
Car 0.00 0 0.00 340.55 220.75 904.07 374.00 2.04 2.07 4.48 0.00 0.00 2.28 0.00
Car 0.00 0 0.00 358.32 204.11 435.73 242.30 1.53 1.88 5.01 0.00 0.00 27.07 0.00
Car 0.00 0 0.00 547.22 228.97 694.94 374.00 1.53 1.88 5.01 0.00 0.00 7.91 0.00
Cyclist 0.00 0 0.00 74.46 203.74 127.74 232.48 1.53 0.87 2.19 0.00 0.00 33.60 0.00
Car 0.00 0 0.00 603.53 182.89 730.24 232.72 2.43 2.35 6.37 0.00 0.00 30.64 0.00
Car 0.00 0 0.00 791.59 185.56 873.35 213.96 2.43 2.35 6.37 0.00 0.00 53.16 0.00
Car 0.00 0 0.00 600.84 195.32 673.40 239.84 1.99 1.77 4.44 0.00 0.00 28.13 0.00
