Car 0.00 0 0.00 113.22 202.27 204.98 228.00 1.47 1.82 4.19 0.00 0.00 36.63 0.00
Car 0.00 0 0.00 531.81 108.46 699.94 289.77 4.25 3.94 10.27 0.00 0.00 14.57 0.00
Car 0.00 0 0.00 0.00 0.00 538.18 374.00 4.25 3.94 10.27 0.00 0.00 2.09 0.00
Car 0.00 0 0.00 507.39 198.64 539.85 221.61 1.55 1.79 3.71 0.00 0.00 43.29 0.00
Car 0.00 0 0.00 340.55 220.75 904.07 374.00 2.04 2.07 4.48 0.00 0.00 2.28 0.00
Car 0.00 0 0.00 431.24 199.96 481.00 227.02 1.53 1.88 5.01 0.00 0.00 37.49 0.00
Car 0.00 0 0.00 547.22 228.97 694.94 374.00 1.53 1.88 5.01 0.00 0.00 7.91 0.00
Cyclist 0.00 0 0.00 74.46 203.74 127.74 232.48 1.53 0.87 2.19 0.00 0.00 33.60 0.00
Car 0.00 0 0.00 603.23 182.90 730.19 232.72 2.43 2.35 6.37 0.00 0.00 30.63 0.00
Car 0.00 0 0.00 791.59 185.59 873.34 213.99 2.43 2.35 6.37 0.00 0.00 53.16 0.00
Car 0.00 0 0.00 601.49 195.37 673.47 239.94 1.99 1.77 4.44 0.00 0.00 28.09 0.00
