Car 0.00 0 0.00 113.22 202.27 204.98 228.00 1.47 1.82 4.19 0.00 0.00 36.63 0.00
Car 0.00 0 0.00 531.55 108.26 700.09 290.01 4.25 3.94 10.27 0.00 0.00 14.53 0.00
Car 0.00 0 0.00 0.00 0.00 538.18 374.00 4.25 3.94 10.27 0.00 0.00 2.09 0.00
Car 0.00 0 0.00 530.39 196.45 554.40 214.39 1.55 1.79 3.71 0.00 0.00 54.76 0.00
Car 0.00 0 0.00 340.55 220.75 904.07 374.00 2.04 2.07 4.48 0.00 0.00 2.28 0.00
Car 0.00 0 0.00 479.52 197.14 512.92 216.67 1.53 1.88 5.01 0.00 0.00 50.40 0.00
Car 0.00 0 0.00 547.22 228.97 694.94 374.00 1.53 1.88 5.01 0.00 0.00 7.91 0.00
Cyclist 0.00 0 0.00 74.46 203.74 127.74 232.48 1.53 0.87 2.19 0.00 0.00 33.60 0.00
Car 0.00 0 0.00 602.85 182.90 730.12 232.73 2.43 2.35 6.37 0.00 0.00 30.62 0.00
Car 0.00 0 0.00 791.59 185.54 873.35 213.94 2.43 2.35 6.37 0.00 0.00 53.16 0.00
Car 0.00 0 0.00 602.25 195.41 673.57 240.05 1.99 1.77 4.44 0.00 0.00 28.04 0.00
