Car 0.00 0 0.00 113.22 202.27 204.98 228.00 1.47 1.82 4.19 0.00 0.00 36.63 0.00
Car 0.00 0 0.00 532.42 108.96 699.36 289.00 4.25 3.94 10.27 0.00 0.00 14.67 0.00
Car 0.00 0 0.00 0.00 0.00 538.18 374.00 4.25 3.94 10.27 0.00 0.00 2.09 0.00
Car 0.00 0 0.00 346.46 211.78 445.10 270.69 1.55 1.79 3.71 0.00 0.00 17.87 0.00
Car 0.00 0 0.00 340.55 220.75 904.07 374.00 2.04 2.07 4.48 0.00 0.00 2.28 0.00
Car 0.00 0 0.00 18.31 219.21 267.58 313.97 1.53 1.88 5.01 0.00 0.00 11.79 0.00
Car 0.00 0 0.00 547.22 228.97 694.94 374.00 1.53 1.88 5.01 0.00 0.00 7.91 0.00
Cyclist 0.00 0 0.00 74.46 203.74 127.74 232.48 1.53 0.87 2.19 0.00 0.00 33.60 0.00
Car 0.00 0 0.00 604.03 182.90 730.31 232.69 2.43 2.35 6.37 0.00 0.00 30.65 0.00
Car 0.00 0 0.00 791.57 185.56 873.32 213.96 2.43 2.35 6.37 0.00 0.00 53.17 0.00
Car 0.00 0 0.00 599.96 195.31 673.28 239.72 1.99 1.77 4.44 0.00 0.00 28.20 0.00
