Car 0.00 0 0.00 113.22 202.27 204.98 228.00 1.47 1.82 4.19 0.00 0.00 36.63 0.00
Car 0.00 0 0.00 532.60 109.45 699.28 289.15 4.25 3.94 10.27 0.00 0.00 14.69 0.00
Car 0.00 0 0.00 0.00 0.00 538.18 374.00 4.25 3.94 10.27 0.00 0.00 2.09 0.00
Car 0.00 0 0.00 304.50 214.95 423.42 283.36 1.55 1.79 3.71 0.00 0.00 15.50 0.00
Car 0.00 0 0.00 340.55 220.75 904.07 374.00 2.04 2.07 4.48 0.00 0.00 2.28 0.00
Car 0.00 0 0.00 0.00 224.93 207.49 346.57 1.53 1.88 5.01 0.00 0.00 9.35 0.00
Car 0.00 0 0.00 547.22 228.97 694.94 374.00 1.53 1.88 5.01 0.00 0.00 7.91 0.00
Cyclist 0.00 0 0.00 74.46 203.74 127.74 232.48 1.53 0.87 2.19 0.00 0.00 33.60 0.00
Car 0.00 0 0.00 604.12 182.90 730.32 232.68 2.43 2.35 6.37 0.00 0.00 30.65 0.00
Car 0.00 0 0.00 791.57 185.52 873.34 213.94 2.43 2.35 6.37 0.00 0.00 53.17 0.00
Car 0.00 0 0.00 599.83 195.32 673.25 239.72 1.99 1.77 4.44 0.00 0.00 28.21 0.00
