Car 0.00 0 0.00 113.22 202.27 204.98 228.00 1.47 1.82 4.19 0.00 0.00 36.63 0.00
Car 0.00 0 0.00 531.98 108.91 699.81 289.86 4.25 3.94 10.27 0.00 0.00 14.59 0.00
Car 0.00 0 0.00 0.00 0.00 538.18 374.00 4.25 3.94 10.27 0.00 0.00 2.09 0.00
Car 0.00 0 0.00 500.74 199.10 535.55 223.74 1.55 1.79 3.71 0.00 0.00 40.87 0.00
Car 0.00 0 0.00 340.55 220.75 904.07 374.00 2.04 2.07 4.48 0.00 0.00 2.28 0.00
Car 0.00 0 0.00 418.38 200.64 472.75 229.80 1.53 1.88 5.01 0.00 0.00 35.10 0.00
Car 0.00 0 0.00 547.22 228.97 694.94 374.00 1.53 1.88 5.01 0.00 0.00 7.91 0.00
Cyclist 0.00 0 0.00 74.46 203.74 127.74 232.48 1.53 0.87 2.19 0.00 0.00 33.60 0.00
Car 0.00 0 0.00 603.29 182.90 730.20 232.73 2.43 2.35 6.37 0.00 0.00 30.63 0.00
Car 0.00 0 0.00 791.59 185.52 873.36 213.93 2.43 2.35 6.37 0.00 0.00 53.16 0.00
Car 0.00 0 0.00 601.34 195.35 673.46 239.92 1.99 1.77 4.44 0.00 0.00 28.10 0.00
