Car 0.00 0 0.00 113.22 202.27 204.98 228.00 1.47 1.82 4.19 0.00 0.00 36.63 0.00
Car 0.00 0 0.00 532.20 108.69 699.53 289.14 4.25 3.94 10.27 0.00 0.00 14.64 0.00
Car 0.00 0 0.00 0.00 0.00 538.18 374.00 4.25 3.94 10.27 0.00 0.00 2.09 0.00
Car 0.00 0 0.00 447.05 203.82 502.01 240.10 1.55 1.79 3.71 0.00 0.00 28.21 0.00
Car 0.00 0 0.00 340.55 220.75 904.07 374.00 2.04 2.07 4.48 0.00 0.00 2.28 0.00
Car 0.00 0 0.00 301.72 207.04 403.15 254.23 1.53 1.88 5.01 0.00 0.00 22.26 0.00
Car 0.00 0 0.00 547.22 228.97 694.94 374.00 1.53 1.88 5.01 0.00 0.00 7.91 0.00
Cyclist 0.00 0 0.00 74.46 203.74 127.74 232.48 1.53 0.87 2.19 0.00 0.00 33.60 0.00
Car 0.00 0 0.00 603.70 182.90 730.26 232.70 2.43 2.35 6.37 0.00 0.00 30.64 0.00
Car 0.00 0 0.00 791.58 185.51 873.35 213.93 2.43 2.35 6.37 0.00 0.00 53.16 0.00
Car 0.00 0 0.00 600.55 195.34 673.35 239.82 1.99 1.77 4.44 0.00 0.00 28.15 0.00
