Car 0.00 0 0.00 113.22 202.27 204.98 228.00 1.47 1.82 4.19 0.00 0.00 36.63 0.00
Car 0.00 0 0.00 531.70 108.75 699.95 290.14 4.25 3.94 10.27 0.00 0.00 14.56 0.00
Car 0.00 0 0.00 0.00 0.00 538.18 374.00 4.25 3.94 10.27 0.00 0.00 2.09 0.00
Car 0.00 0 0.00 521.55 197.40 548.97 217.16 1.55 1.79 3.71 0.00 0.00 49.61 0.00
Car 0.00 0 0.00 340.55 220.75 904.07 374.00 2.04 2.07 4.48 0.00 0.00 2.28 0.00
Car 0.00 0 0.00 458.99 198.31 499.25 221.15 1.53 1.88 5.01 0.00 0.00 43.94 0.00
Car 0.00 0 0.00 547.22 228.97 694.94 374.00 1.53 1.88 5.01 0.00 0.00 7.91 0.00
Cyclist 0.00 0 0.00 74.46 203.74 127.74 232.48 1.53 0.87 2.19 0.00 0.00 33.60 0.00
Car 0.00 0 0.00 603.02 182.89 730.15 232.74 2.43 2.35 6.37 0.00 0.00 30.63 0.00
Car 0.00 0 0.00 791.58 185.52 873.36 213.94 2.43 2.35 6.37 0.00 0.00 53.16 0.00
Car 0.00 0 0.00 601.86 195.36 673.54 239.98 1.99 1.77 4.44 0.00 0.00 28.07 0.00
