Car 0.00 0 0.00 113.22 202.27 204.98 228.00 1.47 1.82 4.19 0.00 0.00 36.63 0.00
Car 0.00 0 0.00 532.65 109.10 699.21 288.73 4.25 3.94 10.27 0.00 0.00 14.70 0.00
Car 0.00 0 0.00 0.00 0.00 538.18 374.00 4.25 3.94 10.27 0.00 0.00 2.09 0.00
Car 0.00 0 0.00 163.92 224.02 358.21 326.15 1.55 1.79 3.71 0.00 0.00 10.73 0.00
Car 0.00 0 0.00 340.55 220.75 904.07 374.00 2.04 2.07 4.48 0.00 0.00 2.28 0.00
Car 0.00 0 0.00 547.22 228.97 694.94 374.00 1.53 1.88 5.01 0.00 0.00 7.91 0.00
Cyclist 0.00 0 0.00 74.46 203.74 127.74 232.48 1.53 0.87 2.19 0.00 0.00 33.60 0.00
Car 0.00 0 0.00 604.28 182.89 730.35 232.69 2.43 2.35 6.37 0.00 0.00 30.66 0.00
Car 0.00 0 0.00 791.57 185.56 873.32 213.96 2.43 2.35 6.37 0.00 0.00 53.17 0.00
Car 0.00 0 0.00 599.52 195.31 673.22 239.68 1.99 1.77 4.44 0.00 0.00 28.23 0.00
