Car 0.00 0 0.00 113.22 202.27 204.98 228.00 1.47 1.82 4.19 0.00 0.00 36.63 0.00
Car 0.00 0 0.00 532.42 108.89 699.36 288.92 4.25 3.94 10.27 0.00 0.00 14.67 0.00
Car 0.00 0 0.00 0.00 0.00 538.18 374.00 4.25 3.94 10.27 0.00 0.00 2.09 0.00
Car 0.00 0 0.00 378.80 209.47 462.62 260.76 1.55 1.79 3.71 0.00 0.00 20.26 0.00
Car 0.00 0 0.00 340.55 220.75 904.07 374.00 2.04 2.07 4.48 0.00 0.00 2.28 0.00
Car 0.00 0 0.00 118.85 215.40 311.03 292.63 1.53 1.88 5.01 0.00 0.00 14.15 0.00
Car 0.00 0 0.00 547.22 228.97 694.94 374.00 1.53 1.88 5.01 0.00 0.00 7.91 0.00
Cyclist 0.00 0 0.00 74.46 203.74 127.74 232.48 1.53 0.87 2.19 0.00 0.00 33.60 0.00
Car 0.00 0 0.00 603.96 182.90 730.30 232.70 2.43 2.35 6.37 0.00 0.00 30.65 0.00
Car 0.00 0 0.00 791.58 185.58 873.32 213.98 2.43 2.35 6.37 0.00 0.00 53.17 0.00
Car 0.00 0 0.00 600.11 195.33 673.29 239.77 1.99 1.77 4.44 0.00 0.00 28.19 0.00
