Car 0.00 0 0.00 503.41 199.30 561.52 221.96 1.47 1.82 4.19 0.00 0.00 43.11 0.00
Car 0.00 0 0.00 535.04 111.23 697.07 285.97 4.25 3.94 10.27 0.00 0.00 15.11 0.00
Car 0.00 0 0.00 0.00 0.00 540.77 374.00 4.25 3.94 10.27 0.00 0.00 2.47 0.00
Car 0.00 0 0.00 340.55 220.75 904.07 374.00 2.04 2.07 4.48 0.00 0.00 2.28 0.00
Car 0.00 0 0.00 547.22 228.97 694.94 374.00 1.53 1.88 5.01 0.00 0.00 7.91 0.00
Car 0.00 0 0.00 211.32 199.49 315.15 228.51 1.65 2.15 5.03 0.00 0.00 36.46 0.00
Cyclist 0.00 0 0.00 402.72 211.29 441.30 260.40 1.53 0.87 2.19 0.00 0.00 20.93 0.00
Car 0.00 0 0.00 607.71 182.90 730.77 232.57 2.43 2.35 6.37 0.00 0.00 30.73 0.00
Car 0.00 0 0.00 791.55 185.57 873.31 213.95 2.43 2.35 6.37 0.00 0.00 53.18 0.00
Car 0.00 0 0.00 594.79 195.15 672.73 238.93 1.99 1.77 4.44 0.00 0.00 28.62 0.00
