Car 0.00 0 0.00 113.22 202.27 204.98 228.00 1.47 1.82 4.19 0.00 0.00 36.63 0.00
Car 0.00 0 0.00 533.63 110.29 698.27 287.80 4.25 3.94 10.27 0.00 0.00 14.87 0.00
Car 0.00 0 0.00 0.00 0.00 538.97 374.00 4.25 3.94 10.27 0.00 0.00 2.20 0.00
Car 0.00 0 0.00 340.55 220.75 904.07 374.00 2.04 2.07 4.48 0.00 0.00 2.28 0.00
Car 0.00 0 0.00 547.22 228.97 694.94 374.00 1.53 1.88 5.01 0.00 0.00 7.91 0.00
Car 0.00 0 0.00 2.80 199.44 118.33 228.59 1.65 2.15 5.03 0.00 0.00 36.44 0.00
Cyclist 0.00 0 0.00 74.46 203.74 127.74 232.48 1.53 0.87 2.19 0.00 0.00 33.60 0.00
Car 0.00 0 0.00 605.55 182.89 730.52 232.64 2.43 2.35 6.37 0.00 0.00 30.69 0.00
Car 0.00 0 0.00 791.55 185.56 873.31 213.95 2.43 2.35 6.37 0.00 0.00 53.18 0.00
Car 0.00 0 0.00 597.51 195.26 672.98 239.40 1.99 1.77 4.44 0.00 0.00 28.38 0.00
