Car 0.00 0 0.00 543.69 198.29 585.73 218.81 1.47 1.82 4.19 0.00 0.00 47.40 0.00
Car 0.00 0 0.00 535.17 111.72 696.92 286.12 4.25 3.94 10.27 0.00 0.00 15.14 0.00
Car 0.00 0 0.00 0.00 0.00 540.80 374.00 4.25 3.94 10.27 0.00 0.00 2.48 0.00
Car 0.00 0 0.00 340.55 220.75 904.07 374.00 2.04 2.07 4.48 0.00 0.00 2.28 0.00
Car 0.00 0 0.00 547.22 228.97 694.94 374.00 1.53 1.88 5.01 0.00 0.00 7.91 0.00
Car 0.00 0 0.00 285.62 199.36 384.40 228.37 1.65 2.15 5.03 0.00 0.00 36.62 0.00
Cyclist 0.00 0 0.00 355.71 216.55 413.69 276.68 1.53 0.87 2.19 0.00 0.00 17.04 0.00
Car 0.00 0 0.00 607.91 182.89 730.79 232.58 2.43 2.35 6.37 0.00 0.00 30.74 0.00
Car 0.00 0 0.00 791.55 185.55 873.32 213.95 2.43 2.35 6.37 0.00 0.00 53.19 0.00
Car 0.00 0 0.00 594.58 195.17 672.71 238.92 1.99 1.77 4.44 0.00 0.00 28.64 0.00
