Car 0.00 0 0.00 567.03 197.15 592.38 214.99 1.47 1.82 4.19 0.00 0.00 53.86 0.00
Car 0.00 0 0.00 535.22 111.49 696.88 285.82 4.25 3.94 10.27 0.00 0.00 15.15 0.00
Car 0.00 0 0.00 0.00 0.00 541.07 374.00 4.25 3.94 10.27 0.00 0.00 2.51 0.00
Car 0.00 0 0.00 340.55 220.75 904.07 374.00 2.04 2.07 4.48 0.00 0.00 2.28 0.00
Car 0.00 0 0.00 547.22 228.97 694.94 374.00 1.53 1.88 5.01 0.00 0.00 7.91 0.00
Car 0.00 0 0.00 404.23 198.76 488.97 227.50 1.65 2.15 5.03 0.00 0.00 37.40 0.00
Cyclist 0.00 0 0.00 216.07 229.62 323.09 321.98 1.53 0.87 2.19 0.00 0.00 11.26 0.00
Car 0.00 0 0.00 608.15 182.89 730.82 232.59 2.43 2.35 6.37 0.00 0.00 30.75 0.00
Car 0.00 0 0.00 791.54 185.52 873.32 213.95 2.43 2.35 6.37 0.00 0.00 53.19 0.00
Car 0.00 0 0.00 594.30 195.11 672.70 238.82 1.99 1.77 4.44 0.00 0.00 28.67 0.00
