Car 0.00 0 0.00 526.01 198.80 576.74 220.37 1.47 1.82 4.19 0.00 0.00 45.16 0.00
Car 0.00 0 0.00 535.04 111.23 697.07 285.97 4.25 3.94 10.27 0.00 0.00 15.11 0.00
Car 0.00 0 0.00 0.00 0.00 540.80 374.00 4.25 3.94 10.27 0.00 0.00 2.48 0.00
Car 0.00 0 0.00 340.55 220.75 904.07 374.00 2.04 2.07 4.48 0.00 0.00 2.28 0.00
Car 0.00 0 0.00 547.22 228.97 694.94 374.00 1.53 1.88 5.01 0.00 0.00 7.91 0.00
Car 0.00 0 0.00 243.58 199.41 345.37 228.52 1.65 2.15 5.03 0.00 0.00 36.50 0.00
Cyclist 0.00 0 0.00 385.57 213.38 433.03 266.48 1.53 0.87 2.19 0.00 0.00 19.27 0.00
Car 0.00 0 0.00 607.79 182.89 730.78 232.59 2.43 2.35 6.37 0.00 0.00 30.74 0.00
Car 0.00 0 0.00 791.55 185.56 873.31 213.95 2.43 2.35 6.37 0.00 0.00 53.19 0.00
Car 0.00 0 0.00 594.68 195.15 672.72 238.93 1.99 1.77 4.44 0.00 0.00 28.63 0.00
