Car 0.00 0 0.00 563.77 197.42 591.39 215.86 1.47 1.82 4.19 0.00 0.00 52.24 0.00
Car 0.00 0 0.00 535.23 111.41 696.87 285.74 4.25 3.94 10.27 0.00 0.00 15.15 0.00
Car 0.00 0 0.00 0.00 0.00 541.06 374.00 4.25 3.94 10.27 0.00 0.00 2.51 0.00
Car 0.00 0 0.00 340.55 220.75 904.07 374.00 2.04 2.07 4.48 0.00 0.00 2.28 0.00
Car 0.00 0 0.00 547.22 228.97 694.94 374.00 1.53 1.88 5.01 0.00 0.00 7.91 0.00
Car 0.00 0 0.00 373.85 198.98 460.92 227.88 1.65 2.15 5.03 0.00 0.00 37.03 0.00
Cyclist 0.00 0 0.00 254.16 226.30 346.97 309.54 1.53 0.87 2.19 0.00 0.00 12.41 0.00
Car 0.00 0 0.00 608.09 182.89 730.81 232.58 2.43 2.35 6.37 0.00 0.00 30.74 0.00
Car 0.00 0 0.00 791.54 185.52 873.32 213.95 2.43 2.35 6.37 0.00 0.00 53.19 0.00
Car 0.00 0 0.00 594.36 195.11 672.70 238.84 1.99 1.77 4.44 0.00 0.00 28.67 0.00
