Car 0.00 0 0.00 113.43 202.26 205.19 228.01 1.47 1.82 4.19 0.00 0.00 36.63 0.00
Car 0.00 0 0.00 534.07 110.34 697.93 287.05 4.25 3.94 10.27 0.00 0.00 14.94 0.00
Car 0.00 0 0.00 0.00 0.00 539.62 374.00 4.25 3.94 10.27 0.00 0.00 2.30 0.00
Car 0.00 0 0.00 340.55 220.75 904.07 374.00 2.04 2.07 4.48 0.00 0.00 2.28 0.00
Car 0.00 0 0.00 547.22 228.97 694.94 374.00 1.53 1.88 5.01 0.00 0.00 7.91 0.00
Car 0.00 0 0.00 2.82 199.60 118.26 228.46 1.65 2.15 5.03 0.00 0.00 36.44 0.00
Cyclist 0.00 0 0.00 75.68 203.73 128.93 232.49 1.53 0.87 2.19 0.00 0.00 33.60 0.00
Car 0.00 0 0.00 606.26 182.89 730.61 232.63 2.43 2.35 6.37 0.00 0.00 30.70 0.00
Car 0.00 0 0.00 791.55 185.55 873.31 213.95 2.43 2.35 6.37 0.00 0.00 53.18 0.00
Car 0.00 0 0.00 596.56 195.21 672.88 239.23 1.99 1.77 4.44 0.00 0.00 28.46 0.00
