Car 0.00 0 0.00 174.70 202.22 263.63 228.01 1.47 1.82 4.19 0.00 0.00 36.64 0.00
Car 0.00 0 0.00 534.48 110.83 697.60 286.74 4.25 3.94 10.27 0.00 0.00 15.01 0.00
Car 0.00 0 0.00 0.00 0.00 539.86 374.00 4.25 3.94 10.27 0.00 0.00 2.34 0.00
Car 0.00 0 0.00 340.55 220.75 904.07 374.00 2.04 2.07 4.48 0.00 0.00 2.28 0.00
Car 0.00 0 0.00 547.22 228.97 694.94 374.00 1.53 1.88 5.01 0.00 0.00 7.91 0.00
Car 0.00 0 0.00 7.68 199.55 122.89 228.53 1.65 2.15 5.03 0.00 0.00 36.44 0.00
Cyclist 0.00 0 0.00 187.89 203.64 238.08 232.72 1.53 0.87 2.19 0.00 0.00 33.50 0.00
Car 0.00 0 0.00 606.76 182.90 730.66 232.61 2.43 2.35 6.37 0.00 0.00 30.71 0.00
Car 0.00 0 0.00 791.54 185.53 873.30 213.95 2.43 2.35 6.37 0.00 0.00 53.19 0.00
Car 0.00 0 0.00 595.88 195.21 672.82 239.15 1.99 1.77 4.44 0.00 0.00 28.52 0.00
