Car 0.00 0 0.00 196.47 202.19 284.38 228.02 1.47 1.82 4.19 0.00 0.00 36.65 0.00
Car 0.00 0 0.00 534.48 110.68 697.59 286.58 4.25 3.94 10.27 0.00 0.00 15.01 0.00
Car 0.00 0 0.00 0.00 0.00 540.08 374.00 4.25 3.94 10.27 0.00 0.00 2.37 0.00
Car 0.00 0 0.00 340.55 220.75 904.07 374.00 2.04 2.07 4.48 0.00 0.00 2.28 0.00
Car 0.00 0 0.00 547.22 228.97 694.94 374.00 1.53 1.88 5.01 0.00 0.00 7.91 0.00
Car 0.00 0 0.00 17.46 199.54 132.14 228.54 1.65 2.15 5.03 0.00 0.00 36.44 0.00
Cyclist 0.00 0 0.00 224.62 203.74 273.84 232.82 1.53 0.87 2.19 0.00 0.00 33.38 0.00
Car 0.00 0 0.00 606.86 182.90 730.67 232.60 2.43 2.35 6.37 0.00 0.00 30.72 0.00
Car 0.00 0 0.00 791.54 185.59 873.28 213.97 2.43 2.35 6.37 0.00 0.00 53.19 0.00
Car 0.00 0 0.00 595.76 195.22 672.81 239.14 1.99 1.77 4.44 0.00 0.00 28.53 0.00
