Car 0.00 0 0.00 465.66 200.02 532.45 223.96 1.47 1.82 4.19 0.00 0.00 40.75 0.00
Car 0.00 0 0.00 534.91 111.19 697.27 286.28 4.25 3.94 10.27 0.00 0.00 15.08 0.00
Car 0.00 0 0.00 0.00 0.00 540.57 374.00 4.25 3.94 10.27 0.00 0.00 2.44 0.00
Car 0.00 0 0.00 340.55 220.75 904.07 374.00 2.04 2.07 4.48 0.00 0.00 2.28 0.00
Car 0.00 0 0.00 547.22 228.97 694.94 374.00 1.53 1.88 5.01 0.00 0.00 7.91 0.00
Car 0.00 0 0.00 175.77 199.55 281.49 228.51 1.65 2.15 5.03 0.00 0.00 36.47 0.00
Cyclist 0.00 0 0.00 418.37 208.47 445.42 251.03 1.53 0.87 2.19 0.00 0.00 23.97 0.00
Car 0.00 0 0.00 607.56 182.89 730.75 232.59 2.43 2.35 6.37 0.00 0.00 30.73 0.00
Car 0.00 0 0.00 791.54 185.50 873.33 213.95 2.43 2.35 6.37 0.00 0.00 53.19 0.00
Car 0.00 0 0.00 594.89 195.17 672.74 238.98 1.99 1.77 4.44 0.00 0.00 28.61 0.00
