Car 0.00 0 0.00 552.50 197.99 589.17 217.79 1.47 1.82 4.19 0.00 0.00 48.98 0.00
Car 0.00 0 0.00 535.22 111.50 696.88 285.83 4.25 3.94 10.27 0.00 0.00 15.15 0.00
Car 0.00 0 0.00 0.00 0.00 540.84 374.00 4.25 3.94 10.27 0.00 0.00 2.48 0.00
Car 0.00 0 0.00 340.55 220.75 904.07 374.00 2.04 2.07 4.48 0.00 0.00 2.28 0.00
Car 0.00 0 0.00 547.22 228.97 694.94 374.00 1.53 1.88 5.01 0.00 0.00 7.91 0.00
Car 0.00 0 0.00 315.53 199.31 411.59 228.24 1.65 2.15 5.03 0.00 0.00 36.68 0.00
Cyclist 0.00 0 0.00 330.09 219.31 396.78 284.83 1.53 0.87 2.19 0.00 0.00 15.56 0.00
Car 0.00 0 0.00 607.98 182.90 730.79 232.57 2.43 2.35 6.37 0.00 0.00 30.74 0.00
Car 0.00 0 0.00 791.54 185.51 873.32 213.95 2.43 2.35 6.37 0.00 0.00 53.19 0.00
Car 0.00 0 0.00 594.51 195.17 672.70 238.91 1.99 1.77 4.44 0.00 0.00 28.65 0.00
