Car 0.00 0 0.00 559.30 197.68 590.36 216.81 1.47 1.82 4.19 0.00 0.00 50.61 0.00
Car 0.00 0 0.00 535.23 111.37 696.87 285.69 4.25 3.94 10.27 0.00 0.00 15.15 0.00
Car 0.00 0 0.00 0.00 0.00 541.07 374.00 4.25 3.94 10.27 0.00 0.00 2.51 0.00
Car 0.00 0 0.00 340.55 220.75 904.07 374.00 2.04 2.07 4.48 0.00 0.00 2.28 0.00
Car 0.00 0 0.00 547.22 228.97 694.94 374.00 1.53 1.88 5.01 0.00 0.00 7.91 0.00
Car 0.00 0 0.00 344.61 199.18 436.81 228.10 1.65 2.15 5.03 0.00 0.00 36.80 0.00
Cyclist 0.00 0 0.00 297.40 222.13 375.48 295.52 1.53 0.87 2.19 0.00 0.00 14.04 0.00
Car 0.00 0 0.00 608.04 182.90 730.80 232.57 2.43 2.35 6.37 0.00 0.00 30.74 0.00
Car 0.00 0 0.00 791.54 185.56 873.31 213.95 2.43 2.35 6.37 0.00 0.00 53.19 0.00
Car 0.00 0 0.00 594.43 195.15 672.70 238.87 1.99 1.77 4.44 0.00 0.00 28.66 0.00
