Car 0.00 0 0.00 156.21 202.23 245.94 228.03 1.47 1.82 4.19 0.00 0.00 36.64 0.00
Car 0.00 0 0.00 534.29 110.74 697.74 286.99 4.25 3.94 10.27 0.00 0.00 14.98 0.00
Car 0.00 0 0.00 0.00 0.00 539.83 374.00 4.25 3.94 10.27 0.00 0.00 2.34 0.00
Car 0.00 0 0.00 340.55 220.75 904.07 374.00 2.04 2.07 4.48 0.00 0.00 2.28 0.00
Car 0.00 0 0.00 547.22 228.97 694.94 374.00 1.53 1.88 5.01 0.00 0.00 7.91 0.00
Car 0.00 0 0.00 3.33 199.58 118.76 228.49 1.65 2.15 5.03 0.00 0.00 36.44 0.00
Cyclist 0.00 0 0.00 156.68 203.65 207.61 232.62 1.53 0.87 2.19 0.00 0.00 33.56 0.00
Car 0.00 0 0.00 606.66 182.89 730.65 232.63 2.43 2.35 6.37 0.00 0.00 30.71 0.00
Car 0.00 0 0.00 791.54 185.58 873.29 213.96 2.43 2.35 6.37 0.00 0.00 53.19 0.00
Car 0.00 0 0.00 595.97 195.18 672.84 239.14 1.99 1.77 4.44 0.00 0.00 28.51 0.00
