Car 0.00 0 0.00 568.38 197.03 592.62 214.58 1.47 1.82 4.19 0.00 0.00 54.67 0.00
Car 0.00 0 0.00 535.22 111.51 696.88 285.84 4.25 3.94 10.27 0.00 0.00 15.15 0.00
Car 0.00 0 0.00 0.00 0.00 541.06 374.00 4.25 3.94 10.27 0.00 0.00 2.51 0.00
Car 0.00 0 0.00 340.55 220.75 904.07 374.00 2.04 2.07 4.48 0.00 0.00 2.28 0.00
Car 0.00 0 0.00 547.22 228.97 694.94 374.00 1.53 1.88 5.01 0.00 0.00 7.91 0.00
Car 0.00 0 0.00 417.15 198.65 502.40 227.24 1.65 2.15 5.03 0.00 0.00 37.64 0.00
Cyclist 0.00 0 0.00 191.45 231.53 307.83 330.23 1.53 0.87 2.19 0.00 0.00 10.63 0.00
Car 0.00 0 0.00 608.18 182.89 730.82 232.59 2.43 2.35 6.37 0.00 0.00 30.75 0.00
Car 0.00 0 0.00 791.55 185.57 873.31 213.95 2.43 2.35 6.37 0.00 0.00 53.19 0.00
Car 0.00 0 0.00 594.27 195.12 672.69 238.83 1.99 1.77 4.44 0.00 0.00 28.67 0.00
