Car 0.00 0 0.00 519.02 198.96 572.24 220.91 1.47 1.82 4.19 0.00 0.00 44.46 0.00
Car 0.00 0 0.00 535.04 111.20 697.07 285.94 4.25 3.94 10.27 0.00 0.00 15.11 0.00
Car 0.00 0 0.00 0.00 0.00 540.81 374.00 4.25 3.94 10.27 0.00 0.00 2.47 0.00
Car 0.00 0 0.00 340.55 220.75 904.07 374.00 2.04 2.07 4.48 0.00 0.00 2.28 0.00
Car 0.00 0 0.00 547.22 228.97 694.94 374.00 1.53 1.88 5.01 0.00 0.00 7.91 0.00
Car 0.00 0 0.00 231.83 199.48 334.37 228.46 1.65 2.15 5.03 0.00 0.00 36.48 0.00
Cyclist 0.00 0 0.00 392.31 212.70 436.88 264.08 1.53 0.87 2.19 0.00 0.00 19.86 0.00
Car 0.00 0 0.00 607.76 182.89 730.77 232.59 2.43 2.35 6.37 0.00 0.00 30.74 0.00
Car 0.00 0 0.00 791.55 185.54 873.32 213.95 2.43 2.35 6.37 0.00 0.00 53.19 0.00
Car 0.00 0 0.00 594.71 195.14 672.73 238.91 1.99 1.77 4.44 0.00 0.00 28.63 0.00
