Car 0.00 0 0.00 548.39 198.13 587.61 218.31 1.47 1.82 4.19 0.00 0.00 48.19 0.00
Car 0.00 0 0.00 535.21 111.64 696.89 285.98 4.25 3.94 10.27 0.00 0.00 15.15 0.00
Car 0.00 0 0.00 0.00 0.00 540.80 374.00 4.25 3.94 10.27 0.00 0.00 2.48 0.00
Car 0.00 0 0.00 340.55 220.75 904.07 374.00 2.04 2.07 4.48 0.00 0.00 2.28 0.00
Car 0.00 0 0.00 547.22 228.97 694.94 374.00 1.53 1.88 5.01 0.00 0.00 7.91 0.00
Car 0.00 0 0.00 300.65 199.33 398.19 228.33 1.65 2.15 5.03 0.00 0.00 36.65 0.00
Cyclist 0.00 0 0.00 342.57 218.03 404.99 280.85 1.53 0.87 2.19 0.00 0.00 16.25 0.00
Car 0.00 0 0.00 607.94 182.89 730.79 232.58 2.43 2.35 6.37 0.00 0.00 30.74 0.00
Car 0.00 0 0.00 791.54 185.51 873.33 213.95 2.43 2.35 6.37 0.00 0.00 53.19 0.00
Car 0.00 0 0.00 594.54 195.16 672.71 238.92 1.99 1.77 4.44 0.00 0.00 28.65 0.00
