Car 0.00 0 0.00 162.02 202.23 251.47 228.03 1.47 1.82 4.19 0.00 0.00 36.64 0.00
Car 0.00 0 0.00 534.38 111.10 697.61 287.07 4.25 3.94 10.27 0.00 0.00 15.00 0.00
Car 0.00 0 0.00 0.00 0.00 539.83 374.00 4.25 3.94 10.27 0.00 0.00 2.34 0.00
Car 0.00 0 0.00 340.55 220.75 904.07 374.00 2.04 2.07 4.48 0.00 0.00 2.28 0.00
Car 0.00 0 0.00 547.22 228.97 694.94 374.00 1.53 1.88 5.01 0.00 0.00 7.91 0.00
Car 0.00 0 0.00 4.18 199.57 119.58 228.50 1.65 2.15 5.03 0.00 0.00 36.44 0.00
Cyclist 0.00 0 0.00 165.67 203.63 216.39 232.66 1.53 0.87 2.19 0.00 0.00 33.55 0.00
Car 0.00 0 0.00 606.69 182.90 730.66 232.62 2.43 2.35 6.37 0.00 0.00 30.71 0.00
Car 0.00 0 0.00 791.54 185.55 873.30 213.95 2.43 2.35 6.37 0.00 0.00 53.19 0.00
Car 0.00 0 0.00 595.95 195.20 672.83 239.15 1.99 1.77 4.44 0.00 0.00 28.51 0.00
