Car 0.00 0 0.00 213.10 202.17 300.16 228.00 1.47 1.82 4.19 0.00 0.00 36.67 0.00
Car 0.00 0 0.00 534.48 110.76 697.60 286.67 4.25 3.94 10.27 0.00 0.00 15.01 0.00
Car 0.00 0 0.00 0.00 0.00 540.08 374.00 4.25 3.94 10.27 0.00 0.00 2.37 0.00
Car 0.00 0 0.00 340.55 220.75 904.07 374.00 2.04 2.07 4.48 0.00 0.00 2.28 0.00
Car 0.00 0 0.00 547.22 228.97 694.94 374.00 1.53 1.88 5.01 0.00 0.00 7.91 0.00
Car 0.00 0 0.00 27.48 199.52 141.60 228.56 1.65 2.15 5.03 0.00 0.00 36.44 0.00
Cyclist 0.00 0 0.00 247.99 203.73 296.64 233.10 1.53 0.87 2.19 0.00 0.00 33.20 0.00
Car 0.00 0 0.00 606.91 182.89 730.68 232.61 2.43 2.35 6.37 0.00 0.00 30.72 0.00
Car 0.00 0 0.00 791.53 185.51 873.30 213.95 2.43 2.35 6.37 0.00 0.00 53.19 0.00
Car 0.00 0 0.00 595.69 195.17 672.81 239.09 1.99 1.77 4.44 0.00 0.00 28.54 0.00
