Car 0.00 0 0.00 454.95 200.18 523.33 224.44 1.47 1.82 4.19 0.00 0.00 40.23 0.00
Car 0.00 0 0.00 534.89 111.09 697.29 286.23 4.25 3.94 10.27 0.00 0.00 15.08 0.00
Car 0.00 0 0.00 0.00 0.00 540.57 374.00 4.25 3.94 10.27 0.00 0.00 2.44 0.00
Car 0.00 0 0.00 340.55 220.75 904.07 374.00 2.04 2.07 4.48 0.00 0.00 2.28 0.00
Car 0.00 0 0.00 547.22 228.97 694.94 374.00 1.53 1.88 5.01 0.00 0.00 7.91 0.00
Car 0.00 0 0.00 168.66 199.57 274.78 228.49 1.65 2.15 5.03 0.00 0.00 36.47 0.00
Cyclist 0.00 0 0.00 416.66 207.99 445.43 249.49 1.53 0.87 2.19 0.00 0.00 24.57 0.00
Car 0.00 0 0.00 607.52 182.89 730.75 232.60 2.43 2.35 6.37 0.00 0.00 30.73 0.00
Car 0.00 0 0.00 791.54 185.51 873.32 213.95 2.43 2.35 6.37 0.00 0.00 53.19 0.00
Car 0.00 0 0.00 594.91 195.17 672.75 238.99 1.99 1.77 4.44 0.00 0.00 28.61 0.00
