Car 0.00 0 0.00 311.34 201.78 391.17 227.74 1.47 1.82 4.19 0.00 0.00 36.96 0.00
Car 0.00 0 0.00 534.69 110.89 697.45 286.42 4.25 3.94 10.27 0.00 0.00 15.05 0.00
Car 0.00 0 0.00 0.00 0.00 540.33 374.00 4.25 3.94 10.27 0.00 0.00 2.41 0.00
Car 0.00 0 0.00 340.55 220.75 904.07 374.00 2.04 2.07 4.48 0.00 0.00 2.28 0.00
Car 0.00 0 0.00 547.22 228.97 694.94 374.00 1.53 1.88 5.01 0.00 0.00 7.91 0.00
Car 0.00 0 0.00 87.79 199.55 198.48 228.51 1.65 2.15 5.03 0.00 0.00 36.45 0.00
Cyclist 0.00 0 0.00 346.84 204.30 390.68 237.10 1.53 0.87 2.19 0.00 0.00 30.71 0.00
Car 0.00 0 0.00 607.19 182.89 730.71 232.60 2.43 2.35 6.37 0.00 0.00 30.72 0.00
Car 0.00 0 0.00 791.54 185.56 873.30 213.95 2.43 2.35 6.37 0.00 0.00 53.19 0.00
Car 0.00 0 0.00 595.35 195.19 672.77 239.05 1.99 1.77 4.44 0.00 0.00 28.57 0.00
