Car 0.00 0 0.00 538.42 198.44 583.35 219.35 1.47 1.82 4.19 0.00 0.00 46.63 0.00
Car 0.00 0 0.00 535.06 111.35 697.05 286.03 4.25 3.94 10.27 0.00 0.00 15.12 0.00
Car 0.00 0 0.00 0.00 0.00 540.81 374.00 4.25 3.94 10.27 0.00 0.00 2.48 0.00
Car 0.00 0 0.00 340.55 220.75 904.07 374.00 2.04 2.07 4.48 0.00 0.00 2.28 0.00
Car 0.00 0 0.00 547.22 228.97 694.94 374.00 1.53 1.88 5.01 0.00 0.00 7.91 0.00
Car 0.00 0 0.00 270.84 199.37 370.70 228.44 1.65 2.15 5.03 0.00 0.00 36.57 0.00
Cyclist 0.00 0 0.00 367.79 215.31 421.59 272.63 1.53 0.87 2.19 0.00 0.00 17.85 0.00
Car 0.00 0 0.00 607.87 182.89 730.78 232.58 2.43 2.35 6.37 0.00 0.00 30.74 0.00
Car 0.00 0 0.00 791.55 185.59 873.31 213.97 2.43 2.35 6.37 0.00 0.00 53.19 0.00
Car 0.00 0 0.00 594.62 195.16 672.71 238.92 1.99 1.77 4.44 0.00 0.00 28.64 0.00
