Car 0.00 0 0.00 485.62 199.65 548.41 223.00 1.47 1.82 4.19 0.00 0.00 41.87 0.00
Car 0.00 0 0.00 535.02 111.47 697.09 286.22 4.25 3.94 10.27 0.00 0.00 15.11 0.00
Car 0.00 0 0.00 0.00 0.00 540.56 374.00 4.25 3.94 10.27 0.00 0.00 2.44 0.00
Car 0.00 0 0.00 340.55 220.75 904.07 374.00 2.04 2.07 4.48 0.00 0.00 2.28 0.00
Car 0.00 0 0.00 547.22 228.97 694.94 374.00 1.53 1.88 5.01 0.00 0.00 7.91 0.00
Car 0.00 0 0.00 192.53 199.51 297.31 228.52 1.65 2.15 5.03 0.00 0.00 36.48 0.00
Cyclist 0.00 0 0.00 415.08 209.63 443.65 255.18 1.53 0.87 2.19 0.00 0.00 22.53 0.00
Car 0.00 0 0.00 607.63 182.90 730.76 232.58 2.43 2.35 6.37 0.00 0.00 30.73 0.00
Car 0.00 0 0.00 791.55 185.58 873.31 213.97 2.43 2.35 6.37 0.00 0.00 53.18 0.00
Car 0.00 0 0.00 594.84 195.15 672.74 238.95 1.99 1.77 4.44 0.00 0.00 28.62 0.00
