Car 0.00 0 0.00 396.21 201.00 468.39 226.42 1.47 1.82 4.19 0.00 0.00 38.20 0.00
Car 0.00 0 0.00 534.89 111.06 697.29 286.21 4.25 3.94 10.27 0.00 0.00 15.08 0.00
Car 0.00 0 0.00 0.00 0.00 540.56 374.00 4.25 3.94 10.27 0.00 0.00 2.43 0.00
Car 0.00 0 0.00 340.55 220.75 904.07 374.00 2.04 2.07 4.48 0.00 0.00 2.28 0.00
Car 0.00 0 0.00 547.22 228.97 694.94 374.00 1.53 1.88 5.01 0.00 0.00 7.91 0.00
Car 0.00 0 0.00 133.37 199.56 241.44 228.45 1.65 2.15 5.03 0.00 0.00 36.46 0.00
Cyclist 0.00 0 0.00 396.20 205.90 434.28 243.08 1.53 0.87 2.19 0.00 0.00 27.45 0.00
Car 0.00 0 0.00 607.36 182.89 730.73 232.60 2.43 2.35 6.37 0.00 0.00 30.73 0.00
Car 0.00 0 0.00 791.53 185.50 873.32 213.95 2.43 2.35 6.37 0.00 0.00 53.19 0.00
Car 0.00 0 0.00 595.11 195.15 672.77 238.99 1.99 1.77 4.44 0.00 0.00 28.59 0.00
