Car 0.00 0 0.00 565.47 197.29 592.02 215.42 1.47 1.82 4.19 0.00 0.00 53.05 0.00
Car 0.00 0 0.00 535.22 111.45 696.88 285.78 4.25 3.94 10.27 0.00 0.00 15.15 0.00
Car 0.00 0 0.00 0.00 0.00 541.07 374.00 4.25 3.94 10.27 0.00 0.00 2.51 0.00
Car 0.00 0 0.00 340.55 220.75 904.07 374.00 2.04 2.07 4.48 0.00 0.00 2.28 0.00
Car 0.00 0 0.00 547.22 228.97 694.94 374.00 1.53 1.88 5.01 0.00 0.00 7.91 0.00
Car 0.00 0 0.00 389.04 198.85 475.07 227.74 1.65 2.15 5.03 0.00 0.00 37.19 0.00
Cyclist 0.00 0 0.00 236.17 228.10 335.79 315.14 1.53 0.87 2.19 0.00 0.00 11.84 0.00
Car 0.00 0 0.00 608.12 182.89 730.81 232.59 2.43 2.35 6.37 0.00 0.00 30.74 0.00
Car 0.00 0 0.00 791.54 185.50 873.32 213.95 2.43 2.35 6.37 0.00 0.00 53.19 0.00
Car 0.00 0 0.00 594.33 195.10 672.70 238.82 1.99 1.77 4.44 0.00 0.00 28.67 0.00
