Car 0.00 0 0.00 297.99 201.88 379.30 227.80 1.47 1.82 4.19 0.00 0.00 36.88 0.00
Car 0.00 0 0.00 534.69 110.85 697.45 286.38 4.25 3.94 10.27 0.00 0.00 15.05 0.00
Car 0.00 0 0.00 0.00 0.00 540.33 374.00 4.25 3.94 10.27 0.00 0.00 2.40 0.00
Car 0.00 0 0.00 340.55 220.75 904.07 374.00 2.04 2.07 4.48 0.00 0.00 2.28 0.00
Car 0.00 0 0.00 547.22 228.97 694.94 374.00 1.53 1.88 5.01 0.00 0.00 7.91 0.00
Car 0.00 0 0.00 81.36 199.60 192.38 228.45 1.65 2.15 5.03 0.00 0.00 36.45 0.00
Cyclist 0.00 0 0.00 336.28 204.15 380.85 236.34 1.53 0.87 2.19 0.00 0.00 31.16 0.00
Car 0.00 0 0.00 607.16 182.89 730.71 232.61 2.43 2.35 6.37 0.00 0.00 30.72 0.00
Car 0.00 0 0.00 791.54 185.58 873.29 213.96 2.43 2.35 6.37 0.00 0.00 53.19 0.00
Car 0.00 0 0.00 595.39 195.19 672.78 239.07 1.99 1.77 4.44 0.00 0.00 28.56 0.00
