Car 0.00 0 0.00 475.92 199.84 540.92 223.48 1.47 1.82 4.19 0.00 0.00 41.29 0.00
Car 0.00 0 0.00 535.00 111.56 697.13 286.37 4.25 3.94 10.27 0.00 0.00 15.10 0.00
Car 0.00 0 0.00 0.00 0.00 540.56 374.00 4.25 3.94 10.27 0.00 0.00 2.44 0.00
Car 0.00 0 0.00 340.55 220.75 904.07 374.00 2.04 2.07 4.48 0.00 0.00 2.28 0.00
Car 0.00 0 0.00 547.22 228.97 694.94 374.00 1.53 1.88 5.01 0.00 0.00 7.91 0.00
Car 0.00 0 0.00 183.70 199.53 288.98 228.52 1.65 2.15 5.03 0.00 0.00 36.47 0.00
Cyclist 0.00 0 0.00 418.86 209.02 444.21 252.91 1.53 0.87 2.19 0.00 0.00 23.29 0.00
Car 0.00 0 0.00 607.60 182.90 730.75 232.58 2.43 2.35 6.37 0.00 0.00 30.73 0.00
Car 0.00 0 0.00 791.55 185.54 873.32 213.95 2.43 2.35 6.37 0.00 0.00 53.19 0.00
Car 0.00 0 0.00 594.87 195.16 672.73 238.97 1.99 1.77 4.44 0.00 0.00 28.61 0.00
