Car 0.00 0 0.00 339.94 201.52 415.01 227.52 1.47 1.82 4.19 0.00 0.00 37.18 0.00
Car 0.00 0 0.00 534.71 111.04 697.44 286.53 4.25 3.94 10.27 0.00 0.00 15.05 0.00
Car 0.00 0 0.00 0.00 0.00 540.33 374.00 4.25 3.94 10.27 0.00 0.00 2.40 0.00
Car 0.00 0 0.00 340.55 220.75 904.07 374.00 2.04 2.07 4.48 0.00 0.00 2.28 0.00
Car 0.00 0 0.00 547.22 228.97 694.94 374.00 1.53 1.88 5.01 0.00 0.00 7.91 0.00
Car 0.00 0 0.00 103.50 199.52 213.32 228.54 1.65 2.15 5.03 0.00 0.00 36.46 0.00
Cyclist 0.00 0 0.00 366.79 204.87 409.54 238.67 1.53 0.87 2.19 0.00 0.00 29.71 0.00
Car 0.00 0 0.00 607.25 182.89 730.72 232.61 2.43 2.35 6.37 0.00 0.00 30.72 0.00
Car 0.00 0 0.00 791.54 185.53 873.31 213.95 2.43 2.35 6.37 0.00 0.00 53.19 0.00
Car 0.00 0 0.00 595.26 195.17 672.77 239.04 1.99 1.77 4.44 0.00 0.00 28.57 0.00
