Car 0.00 0 0.00 181.56 202.20 270.19 228.03 1.47 1.82 4.19 0.00 0.00 36.64 0.00
Car 0.00 0 0.00 534.49 110.72 697.59 286.63 4.25 3.94 10.27 0.00 0.00 15.01 0.00
Car 0.00 0 0.00 0.00 0.00 540.05 374.00 4.25 3.94 10.27 0.00 0.00 2.36 0.00
Car 0.00 0 0.00 340.55 220.75 904.07 374.00 2.04 2.07 4.48 0.00 0.00 2.28 0.00
Car 0.00 0 0.00 547.22 228.97 694.94 374.00 1.53 1.88 5.01 0.00 0.00 7.91 0.00
Car 0.00 0 0.00 10.33 199.55 125.39 228.54 1.65 2.15 5.03 0.00 0.00 36.44 0.00
Cyclist 0.00 0 0.00 200.29 203.69 250.15 232.72 1.53 0.87 2.19 0.00 0.00 33.47 0.00
Car 0.00 0 0.00 606.80 182.90 730.67 232.61 2.43 2.35 6.37 0.00 0.00 30.71 0.00
Car 0.00 0 0.00 791.54 185.56 873.29 213.95 2.43 2.35 6.37 0.00 0.00 53.19 0.00
Car 0.00 0 0.00 595.83 195.22 672.81 239.16 1.99 1.77 4.44 0.00 0.00 28.52 0.00
