Car 0.00 0 0.00 570.47 196.78 593.30 213.78 1.47 1.82 4.19 0.00 0.00 56.28 0.00
Car 0.00 0 0.00 535.36 111.90 696.76 285.92 4.25 3.94 10.27 0.00 0.00 15.17 0.00
Car 0.00 0 0.00 0.00 0.00 541.06 374.00 4.25 3.94 10.27 0.00 0.00 2.51 0.00
Car 0.00 0 0.00 340.55 220.75 904.07 374.00 2.04 2.07 4.48 0.00 0.00 2.28 0.00
Car 0.00 0 0.00 547.22 228.97 694.94 374.00 1.53 1.88 5.01 0.00 0.00 7.91 0.00
Car 0.00 0 0.00 442.25 198.48 527.23 226.58 1.65 2.15 5.03 0.00 0.00 38.22 0.00
Cyclist 0.00 0 0.00 121.39 237.06 266.46 353.25 1.53 0.87 2.19 0.00 0.00 9.16 0.00
Car 0.00 0 0.00 608.24 182.89 730.82 232.58 2.43 2.35 6.37 0.00 0.00 30.75 0.00
Car 0.00 0 0.00 791.55 185.59 873.30 213.97 2.43 2.35 6.37 0.00 0.00 53.19 0.00
Car 0.00 0 0.00 594.19 195.14 672.69 238.84 1.99 1.77 4.44 0.00 0.00 28.68 0.00
