Car 0.00 0 0.00 261.43 202.06 345.79 227.94 1.47 1.82 4.19 0.00 0.00 36.73 0.00
Car 0.00 0 0.00 534.68 110.99 697.46 286.52 4.25 3.94 10.27 0.00 0.00 15.04 0.00
Car 0.00 0 0.00 0.00 0.00 540.11 374.00 4.25 3.94 10.27 0.00 0.00 2.37 0.00
Car 0.00 0 0.00 340.55 220.75 904.07 374.00 2.04 2.07 4.48 0.00 0.00 2.28 0.00
Car 0.00 0 0.00 547.22 228.97 694.94 374.00 1.53 1.88 5.01 0.00 0.00 7.91 0.00
Car 0.00 0 0.00 66.99 199.57 178.81 228.46 1.65 2.15 5.03 0.00 0.00 36.45 0.00
Cyclist 0.00 0 0.00 307.78 203.99 354.28 234.66 1.53 0.87 2.19 0.00 0.00 32.13 0.00
Car 0.00 0 0.00 607.06 182.90 730.70 232.60 2.43 2.35 6.37 0.00 0.00 30.72 0.00
Car 0.00 0 0.00 791.54 185.51 873.31 213.95 2.43 2.35 6.37 0.00 0.00 53.19 0.00
Car 0.00 0 0.00 595.51 195.17 672.79 239.05 1.99 1.77 4.44 0.00 0.00 28.55 0.00
