Car 0.00 0 0.00 408.78 200.87 480.75 226.05 1.47 1.82 4.19 0.00 0.00 38.54 0.00
Car 0.00 0 0.00 534.89 111.02 697.29 286.16 4.25 3.94 10.27 0.00 0.00 15.08 0.00
Car 0.00 0 0.00 0.00 0.00 540.57 374.00 4.25 3.94 10.27 0.00 0.00 2.44 0.00
Car 0.00 0 0.00 340.55 220.75 904.07 374.00 2.04 2.07 4.48 0.00 0.00 2.28 0.00
Car 0.00 0 0.00 547.22 228.97 694.94 374.00 1.53 1.88 5.01 0.00 0.00 7.91 0.00
Car 0.00 0 0.00 140.63 199.58 248.31 228.45 1.65 2.15 5.03 0.00 0.00 36.46 0.00
Cyclist 0.00 0 0.00 402.81 206.31 439.41 244.60 1.53 0.87 2.19 0.00 0.00 26.74 0.00
Car 0.00 0 0.00 607.39 182.89 730.74 232.61 2.43 2.35 6.37 0.00 0.00 30.73 0.00
Car 0.00 0 0.00 791.54 185.52 873.32 213.95 2.43 2.35 6.37 0.00 0.00 53.19 0.00
Car 0.00 0 0.00 595.08 195.14 672.77 238.98 1.99 1.77 4.44 0.00 0.00 28.59 0.00
