Car 0.00 0 0.00 240.99 202.12 326.61 227.98 1.47 1.82 4.19 0.00 0.00 36.70 0.00
Car 0.00 0 0.00 534.63 111.27 697.48 286.85 4.25 3.94 10.27 0.00 0.00 15.04 0.00
Car 0.00 0 0.00 0.00 0.00 540.08 374.00 4.25 3.94 10.27 0.00 0.00 2.37 0.00
Car 0.00 0 0.00 340.55 220.75 904.07 374.00 2.04 2.07 4.48 0.00 0.00 2.28 0.00
Car 0.00 0 0.00 547.22 228.97 694.94 374.00 1.53 1.88 5.01 0.00 0.00 7.91 0.00
Car 0.00 0 0.00 49.83 199.50 162.70 228.58 1.65 2.15 5.03 0.00 0.00 36.45 0.00
Cyclist 0.00 0 0.00 286.06 203.66 333.43 234.12 1.53 0.87 2.19 0.00 0.00 32.63 0.00
Car 0.00 0 0.00 606.99 182.89 730.69 232.62 2.43 2.35 6.37 0.00 0.00 30.72 0.00
Car 0.00 0 0.00 791.54 185.55 873.30 213.95 2.43 2.35 6.37 0.00 0.00 53.19 0.00
Car 0.00 0 0.00 595.57 195.15 672.81 239.05 1.99 1.77 4.44 0.00 0.00 28.55 0.00
