Car 0.00 0 0.00 251.06 202.09 336.10 227.97 1.47 1.82 4.19 0.00 0.00 36.71 0.00
Car 0.00 0 0.00 534.67 111.13 697.47 286.68 4.25 3.94 10.27 0.00 0.00 15.04 0.00
Car 0.00 0 0.00 0.00 0.00 540.08 374.00 4.25 3.94 10.27 0.00 0.00 2.37 0.00
Car 0.00 0 0.00 340.55 220.75 904.07 374.00 2.04 2.07 4.48 0.00 0.00 2.28 0.00
Car 0.00 0 0.00 547.22 228.97 694.94 374.00 1.53 1.88 5.01 0.00 0.00 7.91 0.00
Car 0.00 0 0.00 58.86 199.53 171.19 228.54 1.65 2.15 5.03 0.00 0.00 36.45 0.00
Cyclist 0.00 0 0.00 298.69 203.81 345.67 234.44 1.53 0.87 2.19 0.00 0.00 32.35 0.00
Car 0.00 0 0.00 607.03 182.89 730.70 232.61 2.43 2.35 6.37 0.00 0.00 30.72 0.00
Car 0.00 0 0.00 791.54 185.54 873.30 213.95 2.43 2.35 6.37 0.00 0.00 53.19 0.00
Car 0.00 0 0.00 595.54 195.17 672.79 239.06 1.99 1.77 4.44 0.00 0.00 28.55 0.00
