Car 0.00 0 0.00 569.50 196.91 592.94 214.17 1.47 1.82 4.19 0.00 0.00 55.48 0.00
Car 0.00 0 0.00 535.24 111.57 696.86 285.85 4.25 3.94 10.27 0.00 0.00 15.15 0.00
Car 0.00 0 0.00 0.00 0.00 541.06 374.00 4.25 3.94 10.27 0.00 0.00 2.51 0.00
Car 0.00 0 0.00 340.55 220.75 904.07 374.00 2.04 2.07 4.48 0.00 0.00 2.28 0.00
Car 0.00 0 0.00 547.22 228.97 694.94 374.00 1.53 1.88 5.01 0.00 0.00 7.91 0.00
Car 0.00 0 0.00 429.82 198.53 515.10 226.91 1.65 2.15 5.03 0.00 0.00 37.92 0.00
Cyclist 0.00 0 0.00 160.58 233.97 289.35 340.40 1.53 0.87 2.19 0.00 0.00 9.93 0.00
Car 0.00 0 0.00 608.21 182.89 730.82 232.59 2.43 2.35 6.37 0.00 0.00 30.75 0.00
Car 0.00 0 0.00 791.55 185.60 873.30 213.99 2.43 2.35 6.37 0.00 0.00 53.19 0.00
Car 0.00 0 0.00 594.22 195.13 672.69 238.84 1.99 1.77 4.44 0.00 0.00 28.68 0.00
