Car 0.00 0 0.00 432.54 200.52 503.38 225.31 1.47 1.82 4.19 0.00 0.00 39.31 0.00
Car 0.00 0 0.00 534.89 111.05 697.29 286.19 4.25 3.94 10.27 0.00 0.00 15.08 0.00
Car 0.00 0 0.00 0.00 0.00 540.56 374.00 4.25 3.94 10.27 0.00 0.00 2.44 0.00
Car 0.00 0 0.00 340.55 220.75 904.07 374.00 2.04 2.07 4.48 0.00 0.00 2.28 0.00
Car 0.00 0 0.00 547.22 228.97 694.94 374.00 1.53 1.88 5.01 0.00 0.00 7.91 0.00
Car 0.00 0 0.00 155.54 199.58 262.35 228.42 1.65 2.15 5.03 0.00 0.00 36.47 0.00
Cyclist 0.00 0 0.00 412.27 207.40 444.68 246.86 1.53 0.87 2.19 0.00 0.00 25.59 0.00
Car 0.00 0 0.00 607.46 182.89 730.74 232.60 2.43 2.35 6.37 0.00 0.00 30.73 0.00
Car 0.00 0 0.00 791.54 185.56 873.31 213.95 2.43 2.35 6.37 0.00 0.00 53.19 0.00
Car 0.00 0 0.00 594.99 195.14 672.75 238.97 1.99 1.77 4.44 0.00 0.00 28.60 0.00
