Car 0.00 0 0.00 272.90 201.97 356.44 227.96 1.47 1.82 4.19 0.00 0.00 36.76 0.00
Car 0.00 0 0.00 534.69 110.89 697.45 286.42 4.25 3.94 10.27 0.00 0.00 15.05 0.00
Car 0.00 0 0.00 0.00 0.00 540.28 374.00 4.25 3.94 10.27 0.00 0.00 2.39 0.00
Car 0.00 0 0.00 340.55 220.75 904.07 374.00 2.04 2.07 4.48 0.00 0.00 2.28 0.00
Car 0.00 0 0.00 547.22 228.97 694.94 374.00 1.53 1.88 5.01 0.00 0.00 7.91 0.00
Car 0.00 0 0.00 71.39 199.42 183.06 228.59 1.65 2.15 5.03 0.00 0.00 36.45 0.00
Cyclist 0.00 0 0.00 316.61 203.96 362.47 235.19 1.53 0.87 2.19 0.00 0.00 31.85 0.00
Car 0.00 0 0.00 607.10 182.90 730.70 232.60 2.43 2.35 6.37 0.00 0.00 30.72 0.00
Car 0.00 0 0.00 791.54 185.52 873.31 213.95 2.43 2.35 6.37 0.00 0.00 53.19 0.00
Car 0.00 0 0.00 595.46 195.18 672.79 239.06 1.99 1.77 4.44 0.00 0.00 28.56 0.00
