Car 0.00 0 0.00 128.71 202.23 219.75 228.04 1.47 1.82 4.19 0.00 0.00 36.63 0.00
Car 0.00 0 0.00 534.28 110.54 697.76 286.85 4.25 3.94 10.27 0.00 0.00 14.98 0.00
Car 0.00 0 0.00 0.00 0.00 539.78 374.00 4.25 3.94 10.27 0.00 0.00 2.32 0.00
Car 0.00 0 0.00 340.55 220.75 904.07 374.00 2.04 2.07 4.48 0.00 0.00 2.28 0.00
Car 0.00 0 0.00 547.22 228.97 694.94 374.00 1.53 1.88 5.01 0.00 0.00 7.91 0.00
Car 0.00 0 0.00 2.82 199.60 118.26 228.46 1.65 2.15 5.03 0.00 0.00 36.44 0.00
Cyclist 0.00 0 0.00 118.69 203.66 170.95 232.55 1.53 0.87 2.19 0.00 0.00 33.61 0.00
Car 0.00 0 0.00 606.46 182.89 730.63 232.65 2.43 2.35 6.37 0.00 0.00 30.71 0.00
Car 0.00 0 0.00 791.54 185.55 873.30 213.95 2.43 2.35 6.37 0.00 0.00 53.19 0.00
Car 0.00 0 0.00 596.20 195.16 672.88 239.16 1.99 1.77 4.44 0.00 0.00 28.49 0.00
