Car 0.00 0 0.00 532.48 198.62 580.57 219.86 1.47 1.82 4.19 0.00 0.00 45.89 0.00
Car 0.00 0 0.00 535.04 111.24 697.07 285.99 4.25 3.94 10.27 0.00 0.00 15.11 0.00
Car 0.00 0 0.00 0.00 0.00 540.81 374.00 4.25 3.94 10.27 0.00 0.00 2.48 0.00
Car 0.00 0 0.00 340.55 220.75 904.07 374.00 2.04 2.07 4.48 0.00 0.00 2.28 0.00
Car 0.00 0 0.00 547.22 228.97 694.94 374.00 1.53 1.88 5.01 0.00 0.00 7.91 0.00
Car 0.00 0 0.00 256.78 199.38 357.66 228.50 1.65 2.15 5.03 0.00 0.00 36.54 0.00
Cyclist 0.00 0 0.00 377.61 214.26 427.95 269.27 1.53 0.87 2.19 0.00 0.00 18.60 0.00
Car 0.00 0 0.00 607.83 182.89 730.78 232.59 2.43 2.35 6.37 0.00 0.00 30.74 0.00
Car 0.00 0 0.00 791.55 185.59 873.30 213.98 2.43 2.35 6.37 0.00 0.00 53.19 0.00
Car 0.00 0 0.00 594.65 195.16 672.72 238.92 1.99 1.77 4.44 0.00 0.00 28.64 0.00
