Car 0.00 0 0.00 285.19 201.92 367.66 227.90 1.47 1.82 4.19 0.00 0.00 36.81 0.00
Car 0.00 0 0.00 534.69 110.84 697.45 286.37 4.25 3.94 10.27 0.00 0.00 15.05 0.00
Car 0.00 0 0.00 0.00 0.00 540.34 374.00 4.25 3.94 10.27 0.00 0.00 2.40 0.00
Car 0.00 0 0.00 340.55 220.75 904.07 374.00 2.04 2.07 4.48 0.00 0.00 2.28 0.00
Car 0.00 0 0.00 547.22 228.97 694.94 374.00 1.53 1.88 5.01 0.00 0.00 7.91 0.00
Car 0.00 0 0.00 75.94 199.51 187.30 228.51 1.65 2.15 5.03 0.00 0.00 36.45 0.00
Cyclist 0.00 0 0.00 326.11 204.03 371.42 235.72 1.53 0.87 2.19 0.00 0.00 31.54 0.00
Car 0.00 0 0.00 607.14 182.89 730.71 232.60 2.43 2.35 6.37 0.00 0.00 30.72 0.00
Car 0.00 0 0.00 791.54 185.56 873.30 213.95 2.43 2.35 6.37 0.00 0.00 53.19 0.00
Car 0.00 0 0.00 595.42 195.19 672.78 239.07 1.99 1.77 4.44 0.00 0.00 28.56 0.00
