Car 0.00 0 0.00 145.58 202.23 235.83 228.04 1.47 1.82 4.19 0.00 0.00 36.63 0.00
Car 0.00 0 0.00 534.27 110.59 697.76 286.90 4.25 3.94 10.27 0.00 0.00 14.98 0.00
Car 0.00 0 0.00 0.00 0.00 539.83 374.00 4.25 3.94 10.27 0.00 0.00 2.34 0.00
Car 0.00 0 0.00 340.55 220.75 904.07 374.00 2.04 2.07 4.48 0.00 0.00 2.28 0.00
Car 0.00 0 0.00 547.22 228.97 694.94 374.00 1.53 1.88 5.01 0.00 0.00 7.91 0.00
Car 0.00 0 0.00 2.82 199.60 118.26 228.46 1.65 2.15 5.03 0.00 0.00 36.44 0.00
Cyclist 0.00 0 0.00 143.62 203.66 195.13 232.55 1.53 0.87 2.19 0.00 0.00 33.60 0.00
Car 0.00 0 0.00 606.59 182.89 730.65 232.63 2.43 2.35 6.37 0.00 0.00 30.71 0.00
Car 0.00 0 0.00 791.54 185.51 873.31 213.95 2.43 2.35 6.37 0.00 0.00 53.19 0.00
Car 0.00 0 0.00 596.04 195.19 672.85 239.16 1.99 1.77 4.44 0.00 0.00 28.50 0.00
