Car 0.00 0 0.00 494.79 199.48 555.30 222.47 1.47 1.82 4.19 0.00 0.00 42.48 0.00
Car 0.00 0 0.00 535.03 111.33 697.08 286.07 4.25 3.94 10.27 0.00 0.00 15.11 0.00
Car 0.00 0 0.00 0.00 0.00 540.60 374.00 4.25 3.94 10.27 0.00 0.00 2.44 0.00
Car 0.00 0 0.00 340.55 220.75 904.07 374.00 2.04 2.07 4.48 0.00 0.00 2.28 0.00
Car 0.00 0 0.00 547.22 228.97 694.94 374.00 1.53 1.88 5.01 0.00 0.00 7.91 0.00
Car 0.00 0 0.00 201.77 199.50 306.10 228.52 1.65 2.15 5.03 0.00 0.00 36.47 0.00
Cyclist 0.00 0 0.00 409.04 210.33 443.27 257.87 1.53 0.87 2.19 0.00 0.00 21.71 0.00
Car 0.00 0 0.00 607.67 182.90 730.76 232.58 2.43 2.35 6.37 0.00 0.00 30.73 0.00
Car 0.00 0 0.00 791.55 185.59 873.31 213.98 2.43 2.35 6.37 0.00 0.00 53.18 0.00
Car 0.00 0 0.00 594.81 195.15 672.73 238.94 1.99 1.77 4.44 0.00 0.00 28.62 0.00
