Car 0.00 0 0.00 231.39 202.16 317.47 227.96 1.47 1.82 4.19 0.00 0.00 36.70 0.00
Car 0.00 0 0.00 534.50 110.91 697.58 286.77 4.25 3.94 10.27 0.00 0.00 15.02 0.00
Car 0.00 0 0.00 0.00 0.00 540.08 374.00 4.25 3.94 10.27 0.00 0.00 2.37 0.00
Car 0.00 0 0.00 340.55 220.75 904.07 374.00 2.04 2.07 4.48 0.00 0.00 2.28 0.00
Car 0.00 0 0.00 547.22 228.97 694.94 374.00 1.53 1.88 5.01 0.00 0.00 7.91 0.00
Car 0.00 0 0.00 41.42 199.51 154.76 228.58 1.65 2.15 5.03 0.00 0.00 36.45 0.00
Cyclist 0.00 0 0.00 272.40 203.64 320.26 233.73 1.53 0.87 2.19 0.00 0.00 32.86 0.00
Car 0.00 0 0.00 606.97 182.89 730.69 232.62 2.43 2.35 6.37 0.00 0.00 30.72 0.00
Car 0.00 0 0.00 791.53 185.50 873.31 213.95 2.43 2.35 6.37 0.00 0.00 53.19 0.00
Car 0.00 0 0.00 595.61 195.15 672.81 239.06 1.99 1.77 4.44 0.00 0.00 28.54 0.00
