Car 0.00 0 0.00 204.56 202.18 292.06 228.02 1.47 1.82 4.19 0.00 0.00 36.66 0.00
Car 0.00 0 0.00 534.49 110.71 697.59 286.62 4.25 3.94 10.27 0.00 0.00 15.01 0.00
Car 0.00 0 0.00 0.00 0.00 540.08 374.00 4.25 3.94 10.27 0.00 0.00 2.37 0.00
Car 0.00 0 0.00 340.55 220.75 904.07 374.00 2.04 2.07 4.48 0.00 0.00 2.28 0.00
Car 0.00 0 0.00 547.22 228.97 694.94 374.00 1.53 1.88 5.01 0.00 0.00 7.91 0.00
Car 0.00 0 0.00 22.03 199.54 136.45 228.55 1.65 2.15 5.03 0.00 0.00 36.44 0.00
Cyclist 0.00 0 0.00 236.43 203.74 285.42 232.93 1.53 0.87 2.19 0.00 0.00 33.31 0.00
Car 0.00 0 0.00 606.88 182.90 730.68 232.61 2.43 2.35 6.37 0.00 0.00 30.72 0.00
Car 0.00 0 0.00 791.54 185.55 873.29 213.95 2.43 2.35 6.37 0.00 0.00 53.19 0.00
Car 0.00 0 0.00 595.72 195.20 672.81 239.11 1.99 1.77 4.44 0.00 0.00 28.53 0.00
