Car 0.00 0 0.00 168.17 202.21 257.40 228.04 1.47 1.82 4.19 0.00 0.00 36.63 0.00
Car 0.00 0 0.00 534.46 110.99 697.62 286.91 4.25 3.94 10.27 0.00 0.00 15.01 0.00
Car 0.00 0 0.00 0.00 0.00 539.83 374.00 4.25 3.94 10.27 0.00 0.00 2.33 0.00
Car 0.00 0 0.00 340.55 220.75 904.07 374.00 2.04 2.07 4.48 0.00 0.00 2.28 0.00
Car 0.00 0 0.00 547.22 228.97 694.94 374.00 1.53 1.88 5.01 0.00 0.00 7.91 0.00
Car 0.00 0 0.00 5.65 199.56 120.96 228.52 1.65 2.15 5.03 0.00 0.00 36.44 0.00
Cyclist 0.00 0 0.00 176.12 203.63 226.59 232.69 1.53 0.87 2.19 0.00 0.00 33.52 0.00
Car 0.00 0 0.00 606.73 182.90 730.66 232.62 2.43 2.35 6.37 0.00 0.00 30.71 0.00
Car 0.00 0 0.00 791.54 185.53 873.30 213.95 2.43 2.35 6.37 0.00 0.00 53.19 0.00
Car 0.00 0 0.00 595.91 195.21 672.83 239.16 1.99 1.77 4.44 0.00 0.00 28.52 0.00
