Car 0.00 0 0.00 561.76 197.55 590.81 216.33 1.47 1.82 4.19 0.00 0.00 51.43 0.00
Car 0.00 0 0.00 535.23 111.38 696.87 285.70 4.25 3.94 10.27 0.00 0.00 15.15 0.00
Car 0.00 0 0.00 0.00 0.00 541.07 374.00 4.25 3.94 10.27 0.00 0.00 2.51 0.00
Car 0.00 0 0.00 340.55 220.75 904.07 374.00 2.04 2.07 4.48 0.00 0.00 2.28 0.00
Car 0.00 0 0.00 547.22 228.97 694.94 374.00 1.53 1.88 5.01 0.00 0.00 7.91 0.00
Car 0.00 0 0.00 359.10 199.08 448.84 228.02 1.65 2.15 5.03 0.00 0.00 36.89 0.00
Cyclist 0.00 0 0.00 276.37 224.02 361.51 302.44 1.53 0.87 2.19 0.00 0.00 13.20 0.00
Car 0.00 0 0.00 608.07 182.90 730.81 232.58 2.43 2.35 6.37 0.00 0.00 30.74 0.00
Car 0.00 0 0.00 791.54 185.55 873.31 213.95 2.43 2.35 6.37 0.00 0.00 53.19 0.00
Car 0.00 0 0.00 594.40 195.12 672.70 238.85 1.99 1.77 4.44 0.00 0.00 28.66 0.00
