Car 0.00 0 0.00 370.08 201.27 441.81 227.06 1.47 1.82 4.19 0.00 0.00 37.61 0.00
Car 0.00 0 0.00 534.87 111.31 697.31 286.47 4.25 3.94 10.27 0.00 0.00 15.08 0.00
Car 0.00 0 0.00 0.00 0.00 540.33 374.00 4.25 3.94 10.27 0.00 0.00 2.40 0.00
Car 0.00 0 0.00 340.55 220.75 904.07 374.00 2.04 2.07 4.48 0.00 0.00 2.28 0.00
Car 0.00 0 0.00 547.22 228.97 694.94 374.00 1.53 1.88 5.01 0.00 0.00 7.91 0.00
Car 0.00 0 0.00 119.57 199.56 228.43 228.49 1.65 2.15 5.03 0.00 0.00 36.46 0.00
Cyclist 0.00 0 0.00 382.02 205.27 422.53 240.62 1.53 0.87 2.19 0.00 0.00 28.68 0.00
Car 0.00 0 0.00 607.31 182.89 730.73 232.61 2.43 2.35 6.37 0.00 0.00 30.73 0.00
Car 0.00 0 0.00 791.54 185.55 873.31 213.95 2.43 2.35 6.37 0.00 0.00 53.19 0.00
Car 0.00 0 0.00 595.19 195.17 672.77 239.03 1.99 1.77 4.44 0.00 0.00 28.58 0.00
