Car 0.00 0 0.00 420.92 200.70 492.46 225.69 1.47 1.82 4.19 0.00 0.00 38.91 0.00
Car 0.00 0 0.00 534.89 111.02 697.29 286.16 4.25 3.94 10.27 0.00 0.00 15.08 0.00
Car 0.00 0 0.00 0.00 0.00 540.56 374.00 4.25 3.94 10.27 0.00 0.00 2.44 0.00
Car 0.00 0 0.00 340.55 220.75 904.07 374.00 2.04 2.07 4.48 0.00 0.00 2.28 0.00
Car 0.00 0 0.00 547.22 228.97 694.94 374.00 1.53 1.88 5.01 0.00 0.00 7.91 0.00
Car 0.00 0 0.00 148.28 199.57 255.52 228.46 1.65 2.15 5.03 0.00 0.00 36.47 0.00
Cyclist 0.00 0 0.00 408.27 206.88 443.25 245.96 1.53 0.87 2.19 0.00 0.00 26.06 0.00
Car 0.00 0 0.00 607.42 182.89 730.74 232.60 2.43 2.35 6.37 0.00 0.00 30.73 0.00
Car 0.00 0 0.00 791.54 185.54 873.31 213.95 2.43 2.35 6.37 0.00 0.00 53.19 0.00
Car 0.00 0 0.00 595.04 195.14 672.76 238.96 1.99 1.77 4.44 0.00 0.00 28.59 0.00
